version https://git-lfs.github.com/spec/v1
oid sha256:96a7cab3ca02882a2a3bcdf59532f857279120c538d1e2ee335d744280112b06
size 41403
