version https://git-lfs.github.com/spec/v1
oid sha256:87bc4eb6947ad9a8395ce7d6eec7e8456aef2c92a0147be0f357265637bc75f4
size 75097
