version https://git-lfs.github.com/spec/v1
oid sha256:a885e91cab9947d5a921c6bbf0474d6a6f3faea5911fb07921d2168c114cbf06
size 75390
