version https://git-lfs.github.com/spec/v1
oid sha256:29b287f5c7fd44f86dffbfd585c2d1575f867999a547029330afc2ae65301e2f
size 75434
