version https://git-lfs.github.com/spec/v1
oid sha256:02a77aaff139f979b5dc9b294e48f24d9f989d3c0665588bfa93b35ca1cc9416
size 75195
