version https://git-lfs.github.com/spec/v1
oid sha256:a5c39f139790051e82b6f31dce2f00835710eed6b7de6a6522b5e5b68ea1389f
size 75140
