version https://git-lfs.github.com/spec/v1
oid sha256:03aeb7bc1fbd146ee25594bee9a7bd52ee7582074a3efde87198476761047646
size 74984
