version https://git-lfs.github.com/spec/v1
oid sha256:7f85b7692bacb512fe957b3528d5f5a93708632abfaf995b4f9845156f07cdd9
size 37940
