version https://git-lfs.github.com/spec/v1
oid sha256:dc2887eea7a2fab9ca44790e8073d9f524beb9b260b10a89d1e5468816964ca5
size 37903
