version https://git-lfs.github.com/spec/v1
oid sha256:6a0f7e1045fe58b611af610a0e442d8b18ae6774ec653cb7018033c7d5a59832
size 37797
