version https://git-lfs.github.com/spec/v1
oid sha256:3fb9d4b99cdb4883a5ce54312f5c89fd91fdea6dd9f9bd1267ec419edfdeb2fe
size 37730
