version https://git-lfs.github.com/spec/v1
oid sha256:51cabd709a032e53f1f14f0dfba0299b0ff893297a7b5b633ab83485a07ed82f
size 37680
