version https://git-lfs.github.com/spec/v1
oid sha256:9220ba334395f08fd5372131dd72c7ddffe4d5abf3671cffd8ba5b3ad5cfbf0d
size 41378
