version https://git-lfs.github.com/spec/v1
oid sha256:225c0933a8bc2b905ff22826a7c7a4b3c5a04eb3441e455c2133bfeb9f737060
size 37970
