version https://git-lfs.github.com/spec/v1
oid sha256:028fdfb6e122af4ac7af3eb3c9c357f063351d25f414ad62e57740eec7132200
size 38003
