version https://git-lfs.github.com/spec/v1
oid sha256:2ee7867edb39bd4a995e7c7b7e5c6ba56984bbd3e471d212b1faab584433f9a8
size 82015
