version https://git-lfs.github.com/spec/v1
oid sha256:c1d667e533b5026dc9482e2ead2797aa698e38af3b0f94284e3bbf3b25210f6a
size 82051
