version https://git-lfs.github.com/spec/v1
oid sha256:58622cfd58804620ce4912d63e9e4cc69b6f2dd59278215fb1edab0131146e88
size 81430
