version https://git-lfs.github.com/spec/v1
oid sha256:d9816ed9dafedd8ec2ed72a22d95c2ffe7097807784cf63f897130097845d352
size 41409
