version https://git-lfs.github.com/spec/v1
oid sha256:2b7eb6d88c5b598d98f52aa83bbfbd5b879fc7d8fe9aa20f9351c836f3ed0d43
size 41428
