version https://git-lfs.github.com/spec/v1
oid sha256:45eec483774dd81593ea886f3eb67c12f5f1a824543c7028ddb766129a3f1337
size 81881
