version https://git-lfs.github.com/spec/v1
oid sha256:fd04290b215ac6701d664f7ee1c40072e6f25528f97f2fcb6b4b45f94c00f550
size 41427
