version https://git-lfs.github.com/spec/v1
oid sha256:32c32c30f0fb3383fd1b82429d78e99f3452a70d15bcf6ce9e6736ccfab529a4
size 41294
