version https://git-lfs.github.com/spec/v1
oid sha256:422cd3a991f941eab799a7106acd75684e832cf53792eddf732e14af5bb5b4b8
size 41340
