version https://git-lfs.github.com/spec/v1
oid sha256:d01db8e3b8163fd8d12b48134c1346038aead30689a99f9ec5a70b53759d8131
size 41295
