version https://git-lfs.github.com/spec/v1
oid sha256:c4c809119911d48cf8cd2ff7f39e7e9abf52a962cd4d5d536e4e40d290c510e7
size 74293
