version https://git-lfs.github.com/spec/v1
oid sha256:d5c99dbd98cd596250780a24125bb8e154842d001a613968b9e9035ae907eba9
size 74035
