version https://git-lfs.github.com/spec/v1
oid sha256:659748e3b08079a2dab501ef331ad5d7d1557939e1d2582fd0682f99de6dc496
size 73931
