version https://git-lfs.github.com/spec/v1
oid sha256:9645f99aac16d8b15866e9d3a11346830b66184ca708157cbf4b2274ebf1eb11
size 75067
