version https://git-lfs.github.com/spec/v1
oid sha256:3c8a7d2bb05ec31966dafaa7b4f19a5a7d9137acf59de403bab0af9922994c76
size 75012
