version https://git-lfs.github.com/spec/v1
oid sha256:ed9f07051b1bb7107489803772f82a8d22c829ab1f1743448610ad0db4ddb5bd
size 75020
