version https://git-lfs.github.com/spec/v1
oid sha256:76a43a9df903f8ad9b78f3bb4111387792b0caec53f653b67bdc2c36382e2a6c
size 38092
