version https://git-lfs.github.com/spec/v1
oid sha256:351dc1ed0ae118e7936a5a53e6f961ac37f13e21a2eae02cf6733895673d9ed0
size 41078
