version https://git-lfs.github.com/spec/v1
oid sha256:244ff7f854a2ca04633fab83245fa33b8dbff2c177119dec8a280ede9fbd901f
size 41108
