version https://git-lfs.github.com/spec/v1
oid sha256:a6c4b2beb20dfed2d4905079a60406d09408c9a84ecbcee146475119ca9a4739
size 38075
