version https://git-lfs.github.com/spec/v1
oid sha256:fa44fd053ce891385f1ac3e84271244a8479b819904bf7812d657f13592383ed
size 37749
