version https://git-lfs.github.com/spec/v1
oid sha256:5df33663afff0272b4db0e8670f8a1f655890d6d46ba57c30b45559dadb8adff
size 81443
