version https://git-lfs.github.com/spec/v1
oid sha256:9af197e04c7a7e697c1b0892453d66caafb7d4d5038c5aec8cc5336613321233
size 81793
