version https://git-lfs.github.com/spec/v1
oid sha256:db8cc52dbd4d03f0c4ba72d21fee0d9cc63b9ec7b85b7eaf73a01dc209547015
size 81230
