version https://git-lfs.github.com/spec/v1
oid sha256:b72a2b225f9d38926ff530a2b16e78a845ccd0068364959616362f46ad9a6e41
size 41297
