version https://git-lfs.github.com/spec/v1
oid sha256:dc401f053c0caf5c19315d989e65cc34ad25849190a766ababb1482496a9137c
size 41432
