version https://git-lfs.github.com/spec/v1
oid sha256:2ad818f87e9fbf11372106b27184a51d77d67f31d080dc6b715fb9db604229b3
size 41144
