version https://git-lfs.github.com/spec/v1
oid sha256:1162d61f38339d914893f86f73c0786fc09d3bf36e8367bead64a634152f26fb
size 41088
