version https://git-lfs.github.com/spec/v1
oid sha256:f9ad756f43493b765f7e7f7ca0f9a6e6eaf8921312f5e665492a4f496c63ae2e
size 74922
