version https://git-lfs.github.com/spec/v1
oid sha256:21e76e7109f33d7f8e65fdfb4d872dada0cac89edd7ebd3b75ee6e49cfacccae
size 38010
