version https://git-lfs.github.com/spec/v1
oid sha256:35d959406c26edec9ad19606d47a372c4c7c571aa65484de4e400ee7422e7843
size 41372
