version https://git-lfs.github.com/spec/v1
oid sha256:ebe8e684d740ff26a889fcb83d70737468250e1a3803a392e1518beeb3171ca5
size 37945
