version https://git-lfs.github.com/spec/v1
oid sha256:fdcf1171168e56e4dea17f40abfbbfe776a7abf36da33df49b16cfbded278822
size 37983
