version https://git-lfs.github.com/spec/v1
oid sha256:af1d839b0614fab805be263791015e75d075663c0d741e73de420e3677cb6753
size 37745
