version https://git-lfs.github.com/spec/v1
oid sha256:b8f00bee78d051ad72bb4de22ed7710b63de7d807d2020f8efa9d0d6189f550b
size 37777
