version https://git-lfs.github.com/spec/v1
oid sha256:b48d47c98f009d3390246a2c32ab7991065f912aef1a04126b3857c782a9547c
size 37783
