version https://git-lfs.github.com/spec/v1
oid sha256:e8faa37eecda4d9b209c6ce8424c449f10532f06395d83f789d7cf80c3c9a318
size 38168
