version https://git-lfs.github.com/spec/v1
oid sha256:78ebd751c1157430537ff9cd910a2ddab10ea2b43330b1bec7ef9a10148a7038
size 37726
