version https://git-lfs.github.com/spec/v1
oid sha256:21a475c220014cff171c5f5ca21b520930dd5fca3a586cea66f6a51cdf049183
size 75054
