version https://git-lfs.github.com/spec/v1
oid sha256:3d32caadaba8d0d26600f18e5cecea86fd8e59d978d1ae93cb32bb21a90f2c79
size 81392
