version https://git-lfs.github.com/spec/v1
oid sha256:e5cf6dcb39e4e0d35c17223f601e605ad64757aa9a982e5cfa60612778e64306
size 74565
