version https://git-lfs.github.com/spec/v1
oid sha256:90c6ac049363d08dac2aeeb9c392665ce731ae2325c20a47344cc0d6501a2a32
size 74293
