version https://git-lfs.github.com/spec/v1
oid sha256:d7c7533b59d7b649dd1a2ee15eddf5cab6169a5584e932ba376fff4bfff19807
size 74325
