version https://git-lfs.github.com/spec/v1
oid sha256:60075195a253329135e0361928ba1b9118f7a217183d6640f1d30888f087a228
size 41455
