version https://git-lfs.github.com/spec/v1
oid sha256:05b5121989a0df93e30b6486777baa0c20f99e3dd7ea13d964557f12f1f490d9
size 41471
