version https://git-lfs.github.com/spec/v1
oid sha256:29ff8f634fdc166282855f4903fa1def6d112602a41c2f82b07522902d6901f4
size 74703
