version https://git-lfs.github.com/spec/v1
oid sha256:835733511051d01a803f35deeaa9d6df3030575c1735f06c03b5a64533d59786
size 74528
