version https://git-lfs.github.com/spec/v1
oid sha256:947b10734a7e2313f9a61ea50aefa4dc6fc7c6b6e03f09fe025029506c7ee62d
size 74418
