version https://git-lfs.github.com/spec/v1
oid sha256:6bc3047b3f8634f5329cc8e2dfcd0889db0362552a3b65d082947332347608f7
size 75059
