version https://git-lfs.github.com/spec/v1
oid sha256:81534b87bffc02e7870aba638befa0d380ed22767a49848e908531fe47684ec2
size 41056
