version https://git-lfs.github.com/spec/v1
oid sha256:48cd5ca614ea309105e4f40fd68fda29aef0eeeb8712c72751e9ddc4030c95ad
size 37808
