version https://git-lfs.github.com/spec/v1
oid sha256:2b37fef330a7ee8e6b4b83441819a091032f9b348b6df128c2ca8df69fa28ea2
size 37721
