version https://git-lfs.github.com/spec/v1
oid sha256:aaf4244be6a52a5bbba90a8ee3675e612c09ddb96a43f0146ccd2217a35759cc
size 74997
