version https://git-lfs.github.com/spec/v1
oid sha256:246f8780cdddc3bee65891f63594c5ff2515fa7b08abc2b1212cedc1fa5fc06c
size 74942
