version https://git-lfs.github.com/spec/v1
oid sha256:489bf9fba0850072a4250f908ed9c01e5d6241c9c5c60a1f7c44b4eebd03cd9e
size 37911
