version https://git-lfs.github.com/spec/v1
oid sha256:c0e85ec07fa084e4e089910ff887a0da175983568aa486a4d1a4d212d0a30e47
size 37880
