version https://git-lfs.github.com/spec/v1
oid sha256:a1f5387d7e33a9456ad792215da5cb46c71875b8bbe05f41c6cb7d355b4e0741
size 37861
