version https://git-lfs.github.com/spec/v1
oid sha256:63a97a382a466910a884ececf062163ff31a8e41d7375549da5f8f9bd4a8d15f
size 81359
