version https://git-lfs.github.com/spec/v1
oid sha256:2853d7cb1a5e7a659b2f1749594860f53b85997bece1958dcd3458899930522c
size 81990
