version https://git-lfs.github.com/spec/v1
oid sha256:8ce3e9181616f7e18907301244702f06f449c19218a435457a8a2b5c7c199457
size 74270
