version https://git-lfs.github.com/spec/v1
oid sha256:07eee0f65b069ae0e2cf10524455c4c7f2196c17710d50d3a6dd6077530e0719
size 74635
