version https://git-lfs.github.com/spec/v1
oid sha256:1e1cb8cf853be091afc8946aef5a48de6e0a92c3d03ae7f4743f2f05224472ef
size 81556
