version https://git-lfs.github.com/spec/v1
oid sha256:2fd1dba7cc5ef0e76546035e606252cb7de8de42d64bd9a77ce21c78a6df8410
size 81498
