version https://git-lfs.github.com/spec/v1
oid sha256:325c0490046e89f56a581791ce00919a356215578ca323481ceb7ddd239ef201
size 81503
