version https://git-lfs.github.com/spec/v1
oid sha256:d6ed1f5a0962a5dd91f232dd221bd6971d95f25267344cad6cfeae12a29377f2
size 41201
