version https://git-lfs.github.com/spec/v1
oid sha256:aacb57e3600b587be1d2d0299e194705640e162f22c960f54d5d1404c8f56b5d
size 82226
