version https://git-lfs.github.com/spec/v1
oid sha256:af1c04410dc17ccdae5a72db5e46588c826032479f6e69135a246792b7085f05
size 74676
