version https://git-lfs.github.com/spec/v1
oid sha256:c3c22c9fbf467a9b58003543cbaa3e0662bfdb6ec7034e7a6bc63bd4785dcdc9
size 74728
