version https://git-lfs.github.com/spec/v1
oid sha256:3d7ae2c41d9f2cad640d01f89b74eecb33a66666482b09304274580f2d6b65cb
size 75093
