version https://git-lfs.github.com/spec/v1
oid sha256:f2554b5003e9dffd9a20359043ec599316e3e90bcc86bfa285e235a9f2ac471b
size 74950
