version https://git-lfs.github.com/spec/v1
oid sha256:a4695983a1d777b6b7a739934fc85276d37df29107860437d2736da5e7b76c9a
size 75009
