version https://git-lfs.github.com/spec/v1
oid sha256:933fef476487b6f95b7e38f335c18dee97cceb0eddda40edaff23bcbd347f054
size 74619
