version https://git-lfs.github.com/spec/v1
oid sha256:74d984b9301c1889c1bff55be8b6ddffa79ca3f2b2f9805f09c15bbfc21b8e3a
size 74835
