version https://git-lfs.github.com/spec/v1
oid sha256:8004a29aaf9cf5f363ac18cef9bbe121c13c557347b3ae5e2590510e1a0d4b85
size 74890
