version https://git-lfs.github.com/spec/v1
oid sha256:824fbd2a4571e4e4e52c81c6658f113721c0ea732dbc792d8ef3a790dea2f7ff
size 74845
