version https://git-lfs.github.com/spec/v1
oid sha256:251bd707177409fe12e8e97033add482ab69b08171fd68c46bc26c110837dcd8
size 81461
