version https://git-lfs.github.com/spec/v1
oid sha256:147b0259e7314182f42cc9ea43bec177d550aac00a3f964925a5821f00398346
size 81626
