version https://git-lfs.github.com/spec/v1
oid sha256:69ba15f486cade3a87108e26002c6c65fadfeb6223bc69b0eb082368548d335c
size 41411
