version https://git-lfs.github.com/spec/v1
oid sha256:decdb5193d5dd1d87250e42d95de4211fb2729502ae703c5d1eda51f39bbd153
size 41505
