version https://git-lfs.github.com/spec/v1
oid sha256:ca8dfd0d077244b015262182df869deaef1a8ef158370441a921b155f8d9bafe
size 41396
