version https://git-lfs.github.com/spec/v1
oid sha256:1da5117889f978092424bf4961384af56805182c9911b93e1ff04f6f5d5bc845
size 81354
