version https://git-lfs.github.com/spec/v1
oid sha256:fc65da507344da7017aa9af6efcf2ec59f1bc74c983bdcb1ae99b2cfd4c7e7bc
size 81531
