version https://git-lfs.github.com/spec/v1
oid sha256:06221c5a4456c02e9d942d72e5835d59e41df6c8327477de198a7fff97cfaf09
size 41151
