version https://git-lfs.github.com/spec/v1
oid sha256:caaecccbc099513eb600e74d2d766c54231792a9be0c7ada31a85ab9c4527458
size 81051
