version https://git-lfs.github.com/spec/v1
oid sha256:bad787c58eee4c57da6c38d706344ca6c4480dcfda65a66db95d674b705936a6
size 41306
