version https://git-lfs.github.com/spec/v1
oid sha256:ad343670acf909fc2afb5155b4fe371536f1d2497efd709b33150ece6ed59b98
size 41455
