version https://git-lfs.github.com/spec/v1
oid sha256:94a978cf375e71e93c29a621b71ec546accbabb8e415d375ee8fd2b5d864f97c
size 74358
