version https://git-lfs.github.com/spec/v1
oid sha256:aa18845f417ed26b52d99fb17e8693ab0ab3659a338fc209c33e98d0965a50cd
size 81525
