version https://git-lfs.github.com/spec/v1
oid sha256:ae3bd2c54708d9d16064f98cbe6284c1df48364dac05e1c10865a001e2fa065e
size 81595
