version https://git-lfs.github.com/spec/v1
oid sha256:8f1c6c11b1db24127272c4c6bddd8a7c08c3883f73feaf964176eaa1783c245e
size 74997
