version https://git-lfs.github.com/spec/v1
oid sha256:17dc4b66ea7306fb1cc935985ccd351bb41a670c12b91bd344d5b572dc261dac
size 41504
