version https://git-lfs.github.com/spec/v1
oid sha256:a403bcdf3abec96cad90ef3738a9ecc9affad5388c71468f5ef23c7737f5dc0e
size 41513
