version https://git-lfs.github.com/spec/v1
oid sha256:31cd86e4810303977615da6b5bf2172b3ac1d84b5b29e8c224f5036a0f5a883f
size 41389
