version https://git-lfs.github.com/spec/v1
oid sha256:c5b19d67ffc428982b305a6db6ad37ddeba8a6b7c511889e43517dbb511714cb
size 74821
