version https://git-lfs.github.com/spec/v1
oid sha256:277abe4a27d8f3fa8d8162f45a9d7d1bca516a874a9efaad9af6760f97970655
size 74671
