version https://git-lfs.github.com/spec/v1
oid sha256:7e367b4a9a8890855c8e0c756ae17c8eb1898550f731b16ddeb75d5abebf3b2d
size 81305
