version https://git-lfs.github.com/spec/v1
oid sha256:0a343a4f4ca63bace8124fd2a68f2ee2ab19e25a63957297b80406b5fb3509ef
size 81451
