version https://git-lfs.github.com/spec/v1
oid sha256:b7126efb08605bca9b3f1bcaac33e6f2bad45c2d5c9e03b2c7633a733158fd57
size 81506
