version https://git-lfs.github.com/spec/v1
oid sha256:847ec3494334eec4de9beb25544423a9fc4c8ea42d1330d81f49c1215ecb5f83
size 81931
