version https://git-lfs.github.com/spec/v1
oid sha256:9c5c0809d9a8965426dd6643a2d4a6f8c9285ac68f11052db276dbdf2c3a83ca
size 81681
