version https://git-lfs.github.com/spec/v1
oid sha256:fabae7df13f4b739af80390446cfa3783e673fd1d9489a02fa8b3626e2ed5b5b
size 37931
