version https://git-lfs.github.com/spec/v1
oid sha256:781102594101be84065b78020416db8c9f4dc3207eef228f1def1ca4f58c4202
size 38185
