version https://git-lfs.github.com/spec/v1
oid sha256:fe1e746441e23b2a35102d5ea1636693d5935f4b1a0fd83141a72ed9b4a9e90d
size 38119
