version https://git-lfs.github.com/spec/v1
oid sha256:1ae304c46abb9907a6db1e146e910a8b5940a6b1b9414ab8ad849c650a8220fc
size 38131
