version https://git-lfs.github.com/spec/v1
oid sha256:28d7c956a49b409ebfa7ee6ff2bceca31e4124f3017fd0d142771f5040fc1295
size 81685
