version https://git-lfs.github.com/spec/v1
oid sha256:a4901486ada60ffc6a08a891f7d3ecdf6c542315514c33f649702cbe9fa22380
size 74699
