version https://git-lfs.github.com/spec/v1
oid sha256:521d96ab9d9396a08552d4142737a33d8f1e450c5746e0f1797fb1edb77b370a
size 75185
