version https://git-lfs.github.com/spec/v1
oid sha256:7ac9434d0bd533ccf17c2b5ef77da7ce80ce5388642f0ca85f8772904f86a57f
size 74523
