version https://git-lfs.github.com/spec/v1
oid sha256:0c4dbb485cd2f724e1d0d93a7fc49bd08046d07653fe3bb35c2a6a1f03e29aa3
size 41497
