version https://git-lfs.github.com/spec/v1
oid sha256:695f36b8ad2bb576a1345fb2c0bfc4c33794e8f19299f6e1484f26a1a1ed6849
size 41495
