version https://git-lfs.github.com/spec/v1
oid sha256:1a52f8ea82e8353461a8d1e544fecdbbdc1c3146bcfea80ad7c53c683afcbf34
size 81491
