version https://git-lfs.github.com/spec/v1
oid sha256:ad9b8e560746cf9038ecff9976246c087e643fc20b5385c9eff569553fd38c47
size 41204
